AO-07
1  7530U 74089B   25110.92446536 -.00000024  00000-0  14078-3 0  9991
2  7530 101.9949 114.6576 0011992 215.4688 174.3459 12.53688406307844
AO-27
1 22825U 93061C   25110.70644398  .00000227  00000-0  10393-3 0  9998
2 22825  98.7407 172.0032 0007296 256.9244 103.1124 14.30778104646583
FO-29
1 24278U 96046B   25110.69874112  .00000000  00000-0  33560-4 0  9996
2 24278  98.5808  11.1468 0350869 111.7655 252.1207 13.53244494416022
ISS
1 25544U 98067A   25111.19301809  .00019709  00000-0  35505-3 0  9998
2 25544  51.6358 229.3307 0005376  59.9494 300.2027 15.49781560506323
SO-50
1 27607U 02058C   25110.67002620  .00002341  00000-0  31018-3 0  9995
2 27607  64.5557 354.5791 0050356 345.8957  14.0738 14.81454154201834
AO-73
1 39444U 13066AE  25110.84670307  .00010306  00000-0  78853-3 0  9998
2 39444  97.7720  72.6179 0040787 192.8232 167.1959 15.01427460616127
IO-86
1 40931U 15052B   25038.81889873  .00001817  00000-0  15548-3 0  9993
2 40931   6.0001 108.1159 0012838 187.7041 172.2889 14.78568669506492
AO-91
1 43017U 17073E   25110.17279170  .00015855  00000-0  82577-3 0  9992
2 43017  97.5328 342.2291 0174566 338.9104  20.4983 15.03779264401635
PO-101
1 43678U 18084H   25111.16608162  .00005045  00000-0  43166-3 0  9996
2 43678  98.1021 285.4192 0010285  92.9745 267.2653 14.98044393352987
QO-100
1 43700U 18090A   25111.18034681  .00000148  00000-0  00000+0 0  9995
2 43700   0.0149 239.9030 0001858 187.8883 232.4442  1.00269794 23689
JO-97
1 43803U 18099AX  25111.15246247  .00014590  00000-0  68994-3 0  9994
2 43803  97.4713 170.7038 0006184 325.1322  34.9507 15.19470001349264
TO-108
1 44881U 19093C   25111.18754359  .00001866  00000-0  22208-3 0  9997
2 44881  97.7938 187.8697 0014623  38.9602 321.2664 14.85472513288743
RS-44
1 44909U 19096E   25110.83192165  .00000033  00000-0  83001-4 0  9997
2 44909  82.5186 260.3309 0218173  52.1146 309.9467 12.79740282248321
CSS
1 48274U 21035A   25110.98029053  .00037320  00000-0  41668-3 0  9994
2 48274  41.4657   8.6961 0004458 212.0197 148.0372 15.62024665227213
HO-113
1 50466U 21131B   25111.24523470  .00001077  00000-0  35079-3 0  9998
2 50466  98.5082 200.8474 0002932 286.0577  74.0289 14.40737199174345
TO-108
1 54684U 22167C   25064.68183564  .08547514  26414-5  93170-3 0  9992
2 54684  97.5856 230.7463 0011725 277.2083  82.7881 16.37185507124845
MO-122
1 60209U 24125G   25110.12376161  .00023443  00000-0  70930-3 0  9995
2 60209  97.2863 322.3571 0018258 321.6620  38.3324 15.34030527 44215
AO-123
1 61781U 24199AY  25111.20295212  .00009872  00000-0  36752-3 0  9993
2 61781  97.3623 339.5788 0016518  19.4577 340.7289 15.27554017 69344
SO-124
1 62690U 25009CK  25110.68707214  .00047718  00000-0  18969-2 0  9995
2 62690  97.4103 191.8222 0003167 226.7306 133.3668 15.25134465 14536
NO-44
1 26931U 01043C   25110.83787730  .00000416  00000-0  18670-3 0  9997
2 26931  67.0504 256.4443 0005613 271.1372  88.9087 14.31702024229985
IO-117
1 53106U 22080B   25051.21822557 -.00000003  00000-0  00000+0 0  9995
2 53106  70.1434 106.3440 0008542  48.0089 312.1297  6.42557744 61200
SONATE-2
1 59112U 24043Q   25110.81709022  .00020423  00000-0  62576-3 0  9999
2 59112  97.5056 241.0860 0010365 289.6728  70.3396 15.33775599 62707
HADES-ICM
1 98637U 25052X   25097.34937086  .00000000  00000-0  22734-2 0    03
2 98637  97.4434 352.3349 0004588 234.4420 181.4632 15.18769867    02